NP_013214.1-YLR113W-HOG1	XP_003665798.1	82.000	350	62	1	6	354	3	352	0.0	622
NP_013214.1-YLR113W-HOG1	XP_962163.2	82.759	348	59	1	6	353	3	349	0.0	619
NP_013214.1-YLR113W-HOG1	XP_011395162.1	47.198	339	164	4	17	341	14	351	1.94e-101	305
NP_013214.1-YLR113W-HOG1	XP_011395161.1	47.198	339	164	4	17	341	14	351	1.94e-101	305
NP_013214.1-YLR113W-HOG1	XP_003665446.1	47.198	339	164	4	17	341	15	352	3.02e-101	305
NP_013214.1-YLR113W-HOG1	XP_003662345.1	40.816	392	205	7	11	390	11	387	2.83e-100	305
NP_013214.1-YLR113W-HOG1	XP_958040.2	44.540	348	180	6	11	346	11	357	9.57e-99	301
NP_013214.1-YLR113W-HOG1	XP_011394633.1	32.399	321	187	10	5	309	19	325	4.27e-53	182
NP_013214.1-YLR113W-HOG1	XP_011394632.1	32.399	321	187	10	5	309	19	325	4.27e-53	182
NP_013214.1-YLR113W-HOG1	XP_003662150.1	32.895	304	174	10	22	308	34	324	6.87e-51	176
NP_013214.1-YLR113W-HOG1	XP_003663975.1	34.451	328	177	9	23	321	4	322	7.48e-50	171
NP_013214.1-YLR113W-HOG1	XP_003661630.1	36.808	307	165	6	23	303	38	341	1.05e-49	176
NP_013214.1-YLR113W-HOG1	XP_960117.1	35.443	316	167	8	23	306	4	314	1.33e-49	171
NP_013214.1-YLR113W-HOG1	XP_958274.1	34.471	293	167	6	23	301	10	291	2.77e-49	170
NP_013214.1-YLR113W-HOG1	XP_955995.3	35.855	304	167	7	23	301	40	340	3.73e-48	172
NP_013214.1-YLR113W-HOG1	XP_003663218.1	34.812	293	166	7	23	301	10	291	1.05e-47	166
NP_013214.1-YLR113W-HOG1	XP_962813.1	37.021	235	136	6	13	236	110	343	4.58e-42	154
NP_013214.1-YLR113W-HOG1	XP_960739.1	35.220	318	161	13	21	307	61	364	1.40e-41	151
NP_013214.1-YLR113W-HOG1	XP_003661674.1	34.875	281	173	6	29	301	364	642	1.94e-41	155
NP_013214.1-YLR113W-HOG1	XP_011394714.1	29.004	462	222	19	13	379	30	480	2.86e-40	150
NP_013214.1-YLR113W-HOG1	XP_011394713.1	29.004	462	222	19	13	379	17	467	4.36e-40	150
NP_013214.1-YLR113W-HOG1	XP_003662109.1	35.018	277	163	7	46	309	46	318	1.18e-38	142
NP_013214.1-YLR113W-HOG1	XP_011394694.1	33.010	309	183	10	29	321	792	1092	1.22e-38	148
NP_013214.1-YLR113W-HOG1	XP_011394693.1	33.010	309	183	10	29	321	771	1071	1.54e-38	148
NP_013214.1-YLR113W-HOG1	XP_003667179.1	30.194	361	197	12	1	308	1	359	1.19e-34	136
NP_013214.1-YLR113W-HOG1	XP_003659327.1	36.364	198	116	5	121	308	166	363	1.63e-34	131
NP_013214.1-YLR113W-HOG1	XP_956947.1	30.973	339	183	10	13	301	16	353	2.37e-34	135
NP_013214.1-YLR113W-HOG1	XP_964983.3	35.025	197	118	5	121	307	126	322	8.32e-34	129
NP_013214.1-YLR113W-HOG1	XP_003662659.1	36.364	187	112	4	121	301	10	195	3.62e-32	122
NP_013214.1-YLR113W-HOG1	XP_003662422.1	31.802	283	148	11	13	263	45	314	3.97e-31	124
NP_013214.1-YLR113W-HOG1	XP_963133.2	36.364	231	134	7	21	241	349	576	4.63e-30	122
NP_013214.1-YLR113W-HOG1	XP_003662643.1	35.622	233	133	7	21	241	330	557	5.03e-30	122
NP_013214.1-YLR113W-HOG1	XP_003661153.1	28.339	307	183	10	22	301	948	1244	2.52e-28	117
NP_013214.1-YLR113W-HOG1	XP_011394684.1	27.961	304	188	9	22	301	912	1208	1.98e-27	115
NP_013214.1-YLR113W-HOG1	XP_011394685.1	27.961	304	188	9	22	301	954	1250	2.13e-27	115
NP_013214.1-YLR113W-HOG1	XP_964470.3	30.584	291	166	10	22	301	289	554	1.18e-26	112
NP_013214.1-YLR113W-HOG1	XP_003663392.1	30.199	351	171	9	18	301	331	674	1.82e-26	112
NP_013214.1-YLR113W-HOG1	XP_011394341.1	29.483	329	182	12	19	301	284	608	2.33e-26	111
NP_013214.1-YLR113W-HOG1	XP_011394340.1	29.483	329	182	12	19	301	284	608	2.33e-26	111
NP_013214.1-YLR113W-HOG1	XP_011394339.1	29.483	329	182	12	19	301	284	608	2.33e-26	111
NP_013214.1-YLR113W-HOG1	XP_011394343.1	29.483	329	182	12	19	301	519	843	1.44e-25	109
NP_013214.1-YLR113W-HOG1	XP_011394342.1	29.483	329	182	12	19	301	519	843	1.44e-25	109
NP_013214.1-YLR113W-HOG1	XP_957126.2	30.450	289	181	9	29	301	154	438	1.86e-25	108
NP_013214.1-YLR113W-HOG1	XP_003661121.1	28.622	283	166	7	23	301	82	332	3.10e-24	105
NP_013214.1-YLR113W-HOG1	XP_958665.3	28.523	298	172	8	23	311	76	341	4.26e-24	104
NP_013214.1-YLR113W-HOG1	XP_964164.1	27.500	320	180	10	15	313	1047	1335	6.46e-24	104
NP_013214.1-YLR113W-HOG1	XP_003659380.1	27.445	317	184	9	15	313	1038	1326	1.60e-23	103
NP_013214.1-YLR113W-HOG1	XP_957701.3	29.014	355	188	12	18	310	347	699	1.90e-23	102
NP_013214.1-YLR113W-HOG1	XP_003658798.1	32.281	285	155	13	29	301	296	554	2.32e-23	102
NP_013214.1-YLR113W-HOG1	XP_003660771.1	29.586	338	170	14	19	301	486	810	2.60e-23	102
NP_013214.1-YLR113W-HOG1	XP_011394884.1	29.577	284	158	9	23	299	412	660	3.06e-23	102
NP_013214.1-YLR113W-HOG1	XP_003662898.1	32.456	228	116	10	19	217	14	232	4.45e-23	101
NP_013214.1-YLR113W-HOG1	XP_003664050.1	28.975	283	161	7	23	299	410	658	5.22e-23	101
NP_013214.1-YLR113W-HOG1	XP_011394883.1	29.577	284	158	9	23	299	674	922	5.47e-23	101
NP_013214.1-YLR113W-HOG1	XP_011394882.1	29.577	284	158	9	23	299	674	922	5.47e-23	101
NP_013214.1-YLR113W-HOG1	XP_003663318.1	28.400	250	148	6	29	254	645	887	6.53e-23	101
NP_013214.1-YLR113W-HOG1	XP_962994.2	28.916	249	146	6	29	253	644	885	7.56e-23	101
NP_013214.1-YLR113W-HOG1	XP_961421.2	27.356	329	198	13	29	351	61	354	1.28e-22	100
NP_013214.1-YLR113W-HOG1	XP_011393245.1	27.891	294	170	11	17	301	17	277	1.46e-22	98.6
NP_013214.1-YLR113W-HOG1	XP_011393244.1	27.891	294	170	11	17	301	17	277	1.46e-22	98.6
NP_013214.1-YLR113W-HOG1	XP_011393243.1	27.891	294	170	11	17	301	17	277	1.46e-22	98.6
NP_013214.1-YLR113W-HOG1	XP_959927.3	28.571	308	174	11	22	315	15	290	1.71e-22	99.0
NP_013214.1-YLR113W-HOG1	XP_963844.2	25.000	332	193	9	15	312	294	603	2.42e-22	99.8
NP_013214.1-YLR113W-HOG1	XP_003659544.1	24.038	312	183	8	20	301	287	574	3.52e-22	99.4
NP_013214.1-YLR113W-HOG1	XP_003664100.1	28.276	290	190	7	21	296	18	303	3.53e-22	98.6
NP_013214.1-YLR113W-HOG1	XP_003660141.1	38.312	154	89	4	69	217	201	353	4.99e-22	99.0
NP_013214.1-YLR113W-HOG1	XP_962134.3	29.758	289	155	11	26	301	298	551	5.56e-22	98.2
NP_013214.1-YLR113W-HOG1	XP_963792.3	28.479	309	155	9	29	305	131	405	1.21e-21	97.8
NP_013214.1-YLR113W-HOG1	XP_003660277.1	27.761	335	177	14	26	332	296	593	2.28e-21	96.3
NP_013214.1-YLR113W-HOG1	XP_003658669.1	28.378	296	166	11	17	301	17	277	4.16e-21	94.4
NP_013214.1-YLR113W-HOG1	XP_003662145.1	27.178	287	172	8	19	301	6	259	6.53e-21	95.1
NP_013214.1-YLR113W-HOG1	XP_011394611.1	27.719	285	169	8	19	299	6	257	7.84e-21	94.7
NP_013214.1-YLR113W-HOG1	XP_003665204.1	27.852	298	169	11	22	305	21	286	1.07e-20	93.6
NP_013214.1-YLR113W-HOG1	XP_963091.1	29.063	320	166	15	26	319	228	512	1.12e-20	94.0
NP_013214.1-YLR113W-HOG1	XP_957232.2	27.083	288	159	11	27	301	148	397	1.57e-20	92.8
NP_013214.1-YLR113W-HOG1	XP_003662902.1	28.483	323	170	15	23	319	247	534	2.71e-20	92.8
NP_013214.1-YLR113W-HOG1	XP_003663378.1	27.083	288	159	11	27	301	134	383	5.52e-20	90.9
NP_013214.1-YLR113W-HOG1	XP_960327.3	30.542	203	135	5	21	219	18	218	5.83e-20	92.0
NP_013214.1-YLR113W-HOG1	XP_011393256.1	27.187	320	166	12	22	303	135	425	8.25e-20	91.7
NP_013214.1-YLR113W-HOG1	XP_003663302.1	35.122	205	116	9	29	217	211	414	9.01e-20	90.9
NP_013214.1-YLR113W-HOG1	XP_003658736.1	32.500	200	121	6	29	217	64	260	9.62e-20	91.7
NP_013214.1-YLR113W-HOG1	XP_003658949.1	26.646	319	167	12	21	301	111	400	9.63e-20	91.3
NP_013214.1-YLR113W-HOG1	XP_003659003.1	26.715	277	166	8	29	301	28	271	1.12e-19	91.3
NP_013214.1-YLR113W-HOG1	XP_003662663.1	24.540	326	164	8	29	300	28	325	1.14e-19	91.3
NP_013214.1-YLR113W-HOG1	XP_956010.3	26.756	299	161	9	29	303	310	574	1.31e-19	91.3
NP_013214.1-YLR113W-HOG1	XP_964693.2	32.524	206	125	7	23	217	63	265	1.40e-19	91.3
NP_013214.1-YLR113W-HOG1	XP_003665249.1	28.922	204	124	6	29	214	1293	1493	1.97e-19	90.9
NP_013214.1-YLR113W-HOG1	XP_011392830.1	26.354	277	167	8	29	301	25	268	1.99e-19	90.5
NP_013214.1-YLR113W-HOG1	XP_011393318.1	28.621	290	160	13	29	301	50	309	2.10e-19	90.5
NP_013214.1-YLR113W-HOG1	XP_011393317.1	28.621	290	160	13	29	301	50	309	2.10e-19	90.5
NP_013214.1-YLR113W-HOG1	XP_011393316.1	28.621	290	160	13	29	301	50	309	2.10e-19	90.5
NP_013214.1-YLR113W-HOG1	XP_003666579.1	27.336	289	151	9	29	292	246	500	2.68e-19	90.1
NP_013214.1-YLR113W-HOG1	XP_962991.1	34.146	205	118	9	29	217	219	422	2.78e-19	89.4
NP_013214.1-YLR113W-HOG1	XP_963081.1	28.333	240	136	8	6	217	2	233	3.38e-19	89.7
NP_013214.1-YLR113W-HOG1	XP_003664982.1	29.412	306	170	16	19	301	740	1022	4.35e-19	89.7
NP_013214.1-YLR113W-HOG1	XP_957310.3	27.885	312	158	14	19	301	217	490	7.45e-19	88.2
NP_013214.1-YLR113W-HOG1	XP_011395112.1	28.922	204	124	5	29	214	1467	1667	7.96e-19	89.0
NP_013214.1-YLR113W-HOG1	XP_011395111.1	28.922	204	124	5	29	214	1494	1694	9.05e-19	89.0
NP_013214.1-YLR113W-HOG1	XP_956411.2	24.540	326	164	9	29	300	30	327	9.52e-19	88.6
NP_013214.1-YLR113W-HOG1	XP_003658854.1	26.772	254	154	7	26	261	248	487	1.15e-18	88.2
NP_013214.1-YLR113W-HOG1	XP_962989.3	24.928	349	175	12	1	301	113	422	1.18e-18	88.2
NP_013214.1-YLR113W-HOG1	XP_011393109.1	26.772	254	154	7	26	261	302	541	1.71e-18	87.4
NP_013214.1-YLR113W-HOG1	XP_011393110.1	26.772	254	154	7	26	261	351	590	2.03e-18	87.4
NP_013214.1-YLR113W-HOG1	XP_011394665.1	28.205	273	170	10	13	263	48	316	2.05e-18	86.3
NP_013214.1-YLR113W-HOG1	XP_003663301.1	28.279	244	131	11	70	301	207	418	4.81e-18	86.3
NP_013214.1-YLR113W-HOG1	XP_011394666.1	28.205	273	170	10	13	263	48	316	5.81e-18	85.5
NP_013214.1-YLR113W-HOG1	XP_003661117.1	26.510	298	183	13	17	299	51	327	8.07e-18	84.7
NP_013214.1-YLR113W-HOG1	XP_011392850.1	26.974	304	157	9	27	290	311	589	1.62e-17	84.7
NP_013214.1-YLR113W-HOG1	XP_011392851.1	26.974	304	157	9	27	290	311	589	1.64e-17	84.7
NP_013214.1-YLR113W-HOG1	XP_003658365.1	26.403	303	160	8	27	290	217	495	2.28e-17	84.3
NP_013214.1-YLR113W-HOG1	XP_965287.2	26.471	238	139	7	20	222	4	240	2.32e-17	84.3
NP_013214.1-YLR113W-HOG1	XP_003661346.1	29.258	229	125	9	125	350	1	195	2.48e-17	84.3
NP_013214.1-YLR113W-HOG1	XP_011393257.1	24.852	338	169	12	22	303	135	443	2.84e-17	83.6
NP_013214.1-YLR113W-HOG1	XP_003659959.1	26.471	238	139	7	20	222	4	240	3.05e-17	84.0
NP_013214.1-YLR113W-HOG1	XP_003659108.1	25.952	289	168	9	29	301	51	309	4.51e-17	83.2
NP_013214.1-YLR113W-HOG1	XP_003658857.1	26.241	282	162	10	23	293	186	432	5.40e-17	82.8
NP_013214.1-YLR113W-HOG1	XP_962251.1	26.897	290	170	10	14	294	807	1063	6.72e-17	82.8
NP_013214.1-YLR113W-HOG1	XP_011393108.1	28.470	281	152	13	23	291	183	426	6.81e-17	82.4
NP_013214.1-YLR113W-HOG1	XP_011393107.1	28.470	281	152	13	23	291	183	426	6.81e-17	82.4
NP_013214.1-YLR113W-HOG1	XP_003666501.1	26.370	292	169	10	23	301	824	1082	7.04e-17	82.8
NP_013214.1-YLR113W-HOG1	XP_960280.3	25.000	320	189	8	11	310	138	426	8.16e-17	82.4
NP_013214.1-YLR113W-HOG1	XP_011393192.1	28.479	309	160	14	29	308	22	298	1.06e-16	82.0
NP_013214.1-YLR113W-HOG1	XP_003664203.1	24.834	302	174	6	20	301	98	366	1.08e-16	82.0
NP_013214.1-YLR113W-HOG1	XP_003662758.1	31.818	176	101	6	128	301	335	493	1.37e-16	81.3
NP_013214.1-YLR113W-HOG1	XP_011393193.1	28.479	309	160	14	29	308	46	322	1.39e-16	81.6
NP_013214.1-YLR113W-HOG1	XP_003663283.1	29.870	154	101	6	70	217	616	768	1.56e-16	81.6
NP_013214.1-YLR113W-HOG1	XP_003662809.1	32.370	173	93	6	29	185	5	169	1.72e-16	76.3
NP_013214.1-YLR113W-HOG1	XP_957292.1	29.221	154	102	6	70	217	604	756	3.87e-16	80.5
NP_013214.1-YLR113W-HOG1	XP_011392829.1	28.649	185	98	5	120	301	22	175	4.32e-16	80.1
NP_013214.1-YLR113W-HOG1	XP_003658550.1	26.667	300	161	12	29	301	22	289	1.16e-15	78.6
NP_013214.1-YLR113W-HOG1	XP_956316.1	29.181	281	176	10	13	276	372	646	4.32e-15	77.0
NP_013214.1-YLR113W-HOG1	XP_003665350.1	31.606	193	117	8	29	214	45	229	7.87e-15	76.3
NP_013214.1-YLR113W-HOG1	XP_003666911.1	23.676	321	172	10	23	301	274	563	9.49e-15	75.9
NP_013214.1-YLR113W-HOG1	XP_959504.2	31.606	193	117	8	29	214	45	229	9.79e-15	76.3
NP_013214.1-YLR113W-HOG1	XP_956475.1	27.500	200	107	6	65	229	285	481	4.83e-14	73.6
NP_013214.1-YLR113W-HOG1	XP_003662285.1	31.336	217	133	7	6	210	781	993	5.81e-14	73.9
NP_013214.1-YLR113W-HOG1	XP_003658438.1	25.407	307	159	12	8	259	71	362	7.72e-14	72.4
NP_013214.1-YLR113W-HOG1	XP_003665535.1	24.595	309	168	9	49	301	165	464	8.87e-14	72.4
NP_013214.1-YLR113W-HOG1	XP_957886.2	28.910	211	134	8	19	214	49	258	9.01e-14	72.4
NP_013214.1-YLR113W-HOG1	XP_003660112.1	25.172	290	147	9	26	255	260	539	1.11e-13	72.4
NP_013214.1-YLR113W-HOG1	XP_957312.2	36.190	105	62	2	127	226	160	264	1.54e-13	70.5
NP_013214.1-YLR113W-HOG1	XP_003659999.1	25.094	267	157	12	17	246	46	306	1.58e-13	71.2
NP_013214.1-YLR113W-HOG1	XP_964888.1	25.517	290	146	10	26	255	302	581	1.63e-13	72.0
NP_013214.1-YLR113W-HOG1	XP_003662883.1	25.085	295	162	11	26	301	941	1195	2.40e-13	72.0
NP_013214.1-YLR113W-HOG1	XP_965822.3	24.453	274	150	12	17	246	75	335	2.44e-13	70.9
NP_013214.1-YLR113W-HOG1	XP_003660855.1	30.986	213	127	9	13	210	369	576	2.78e-13	71.2
NP_013214.1-YLR113W-HOG1	XP_003666619.1	27.885	208	111	5	131	301	425	630	3.61e-13	71.2
NP_013214.1-YLR113W-HOG1	XP_003666630.1	29.897	194	116	8	29	205	208	398	6.09e-13	70.1
NP_013214.1-YLR113W-HOG1	XP_003659708.1	30.201	149	95	4	26	168	712	857	1.17e-12	69.7
NP_013214.1-YLR113W-HOG1	XP_958871.1	30.201	149	95	4	26	168	710	855	2.01e-12	68.9
NP_013214.1-YLR113W-HOG1	XP_963100.1	24.242	297	166	11	26	303	961	1217	2.79e-12	68.6
NP_013214.1-YLR113W-HOG1	XP_956802.1	26.214	206	117	4	131	301	435	640	3.26e-12	68.2
NP_013214.1-YLR113W-HOG1	XP_961553.1	33.784	148	74	5	109	237	791	933	4.49e-12	67.8
NP_013214.1-YLR113W-HOG1	XP_961553.1	25.439	228	121	8	70	264	331	542	6.77e-08	54.7
NP_013214.1-YLR113W-HOG1	XP_003661706.1	40.541	111	49	4	117	210	784	894	6.25e-12	67.4
NP_013214.1-YLR113W-HOG1	XP_003660229.1	24.000	275	150	11	65	297	409	666	8.84e-12	66.6
NP_013214.1-YLR113W-HOG1	XP_003666122.1	24.476	286	156	10	68	300	131	409	1.07e-11	65.9
NP_013214.1-YLR113W-HOG1	XP_003661975.1	25.521	192	106	9	69	228	381	567	1.93e-11	65.5
NP_013214.1-YLR113W-HOG1	XP_957503.3	28.713	202	125	7	69	252	139	339	3.02e-11	64.3
NP_013214.1-YLR113W-HOG1	XP_965171.2	25.105	239	133	7	23	217	536	772	3.56e-11	65.1
NP_013214.1-YLR113W-HOG1	XP_003659857.1	26.554	177	118	5	96	261	389	564	9.96e-11	63.2
NP_013214.1-YLR113W-HOG1	XP_003660295.1	24.742	291	147	11	23	251	265	545	1.30e-10	62.8
NP_013214.1-YLR113W-HOG1	XP_961299.1	25.294	170	98	6	69	214	510	674	2.02e-10	62.4
NP_013214.1-YLR113W-HOG1	XP_003659613.1	24.681	235	131	8	23	217	539	767	2.54e-10	62.0
NP_013214.1-YLR113W-HOG1	XP_003665319.1	23.256	258	177	9	61	301	52	305	2.55e-10	60.8
NP_013214.1-YLR113W-HOG1	XP_011392790.1	28.205	156	97	6	96	237	405	559	3.07e-10	61.6
NP_013214.1-YLR113W-HOG1	XP_011392789.1	28.205	156	97	6	96	237	405	559	3.07e-10	61.6
NP_013214.1-YLR113W-HOG1	XP_962150.2	24.742	291	147	11	23	251	214	494	4.31e-10	61.2
NP_013214.1-YLR113W-HOG1	XP_003660773.1	30.178	169	104	7	29	185	62	228	5.72e-10	60.8
NP_013214.1-YLR113W-HOG1	XP_960972.1	42.045	88	46	3	125	210	844	928	6.95e-10	60.8
NP_013214.1-YLR113W-HOG1	XP_003659798.1	30.539	167	93	7	156	301	375	539	1.57e-09	59.3
NP_013214.1-YLR113W-HOG1	XP_003659798.1	30.612	147	84	5	21	152	103	246	9.36e-08	53.9
NP_013214.1-YLR113W-HOG1	XP_964224.1	29.050	179	94	8	65	213	395	570	3.95e-09	58.2
NP_013214.1-YLR113W-HOG1	XP_965567.1	27.742	155	103	6	69	218	364	514	6.33e-09	57.4
NP_013214.1-YLR113W-HOG1	XP_011395273.1	27.072	181	104	5	128	298	286	448	1.21e-08	56.6
NP_013214.1-YLR113W-HOG1	XP_011395274.1	27.072	181	104	5	128	298	293	455	1.33e-08	56.6
NP_013214.1-YLR113W-HOG1	XP_003660339.1	23.232	297	158	12	29	297	31	285	1.44e-08	56.6
NP_013214.1-YLR113W-HOG1	XP_959521.1	26.776	183	102	8	29	189	773	945	1.56e-08	56.6
NP_013214.1-YLR113W-HOG1	XP_003666364.1	26.667	210	133	9	36	233	2	202	1.59e-08	55.1
NP_013214.1-YLR113W-HOG1	XP_003665327.1	24.224	322	176	14	24	301	817	1114	3.30e-08	55.5
NP_013214.1-YLR113W-HOG1	XP_011393255.1	29.630	162	94	6	158	301	320	479	4.48e-08	54.7
NP_013214.1-YLR113W-HOG1	XP_011393255.1	29.252	147	86	5	21	152	45	188	6.20e-07	51.2
NP_013214.1-YLR113W-HOG1	XP_011393253.1	29.630	162	94	6	158	301	320	479	4.48e-08	54.7
NP_013214.1-YLR113W-HOG1	XP_011393253.1	29.252	147	86	5	21	152	45	188	6.20e-07	51.2
NP_013214.1-YLR113W-HOG1	XP_011393254.1	29.630	162	94	6	158	301	385	544	5.57e-08	54.7
NP_013214.1-YLR113W-HOG1	XP_011393254.1	29.252	147	86	5	21	152	110	253	5.63e-07	51.2
NP_013214.1-YLR113W-HOG1	XP_960199.1	24.576	236	125	12	24	207	74	308	1.27e-07	53.5
NP_013214.1-YLR113W-HOG1	XP_003665084.1	34.234	111	63	4	114	214	275	385	2.43e-07	52.8
NP_013214.1-YLR113W-HOG1	XP_003662406.1	29.412	170	107	7	127	289	97	260	4.60e-07	50.8
NP_013214.1-YLR113W-HOG1	XP_011392814.1	26.220	164	107	5	17	172	6	163	5.45e-07	50.8
NP_013214.1-YLR113W-HOG1	XP_003660001.1	26.220	164	107	5	17	172	6	163	5.50e-07	50.8
NP_013214.1-YLR113W-HOG1	XP_011392815.1	26.220	164	107	5	17	172	6	163	5.87e-07	50.8
NP_013214.1-YLR113W-HOG1	XP_963734.3	25.455	165	102	5	23	166	237	401	6.13e-07	51.2
NP_013214.1-YLR113W-HOG1	XP_011392813.1	26.220	164	107	5	17	172	6	163	6.86e-07	50.4
NP_013214.1-YLR113W-HOG1	XP_003664820.1	26.667	150	90	5	69	207	356	496	9.37e-07	50.4
